Ahomo = [4.017777943800975 ...
4.529008476501055 ...
5.304587250647355 ...
6.4131930315852586 ...
7.839150772546226 ...
9.894642843498454 ...
13.128692790840208 ...
15.982284675518894 ...
22.13891122735712 ...
29.553328038125343 ...
38.80797806160802 ...
50.35231795649089 ...
69.6490047245323 ];
