Ahomo = [4.037081047578512 ...
4.549274687680358 ...
5.286195151156625 ...
6.3093486188797145 ...
7.700941017308649 ...
9.795602166874376 ...
12.83528090526816 ...
16.815368204431625 ...
22.09041331409987 ...
28.549233435005213 ...
38.53924535725915 ...
51.353729964026925 ...
68.10812702266435];
